-7.878245,6.159431,18.5,Basic
13
-8.526467,3.805819,BaseEnemy,2
-7.53897,5.916566,BaseEnemy,1
-9.522271,2.165977,BaseEnemy,2
-9.846123,8.880741,FastEnemy,1
-9.388847,0.6340376,BaseEnemy,2
-9.936105,-0.5169493,BaseEnemy,2
-6.690976,-2.698957,BaseEnemy,2
-11.87856,-2.217123,BaseEnemy,2
-14.49912,-0.9329352,BaseEnemy,2
-7.302399,2.850824,BigEnemy,1
-11.54534,8.613146,BigEnemy,20
-10.66207,17.36409,BigEnemy,20
-14.77142,7.924573,BigEnemy,20
2
9.484375,15.10079,4.319455,2.518394,BasicBullet(Clone)
-17.2238,-1.204063,-3.961667,-3.050442,BasicBullet(Clone)
